673991
864191
602647
978463
635207
576949
543349
608459
617587
822277
856721
884743
666079
944473
961871
994417
642799
1022773
729073
1019699
880559
862297
944137
1033789
728173
638201
1012373
725479
680783
907393
944453
639941
534647
941429
752593
840451
981979
843553
644531
632323
585289
724021
1020407
640579
667801
863509
562169
684289
976909
975257
1010749
621113
701419
776693
875803
906431
683071
1046207
710081
1027427
858589
697831
941839
776389
872243
822761
966871
775823
592931
771299
633803
630023
957601
1047199
1011037
808081
995663
1024339
634373
905167
1029989
673273
624539
796391
860071
692281
1003049
544757
811747
921611
667367
609541
882577
648047
981011
1016009
1041907
659539
570077
775097
533969
697409
860809
882031
579287
575479
654023
986177
797591
556793
933407
1009837
960053
969989
555287
860809
1031629
964871
923939
726527
809981
916679
655601
649937
830173
889087
889237
1006003
876833
827809
859861
630701
838777
734537
974821
895823
645397
1003741
891389
821771
712717
788107
881833
625699
693337
846961
889937
809827
728839
770669
800209
588529
1022683
1038599
803749
957823
881327
798451
1029473
586711
870497
575963
538121
603931
706201
804203
923437
899429
546263
874711
876097
554711
942037
647417
572879
746797
931067
803611
709123
999529
764623
897317
851639
790003
954497
1024901
899183
781217
592061
572993
1019377
758339
653033
911597
707969
670237
994583
900649
777391
551713
607819
554833
774131
550861
617681
954043
879553
578299
783373
753611
562307
900587
995431
910099
575129
852139
768263
570839
538697
719333
846943
678061
935699
924713
607129
950921
956513
962197
574307
769663
720961
721381
644747
742127
774773
951059
838601
745243
663763
948151
779707
935707
697507
693697
720221
695777
915379
755329
793517
927529
926707
995651
938243
998027
600487
578213
676241
659669
546109
946163
941329
1031623
972229
835931
989761
828859
901403
1021217
670693
545711
867619
690611
608743
988417
785809
651281
817151
532853
843173
774919
